#pragma once
#include <cstdint>
//#include "Board.h"

typedef uint64_t Bitboard;


class Board;

class StaticEvaluation
{
private:
public:
	static constexpr int16_t pst_table_white[6][64] = {
		{0, 0, 0, 0, 0, 0, 0, 0, -31, 8, -7, -37, -36, -14, 3, -31, -22, 9, 5, -11, -10, -2, 3, -19, -26, 3, 10, 9, 6, 1, 0, -23, -17, 16, -2, 15, 14, 0, 15, -13, 7, 29, 21, 44, 40, 31, 44, 7, 78, 83, 86, 73, 102, 82, 85, 90, 0, 0, 0, 0, 0, 0, 0, 0},
		{-74, -23, -26, -24, -19, -35, -22, -69, -23, -15, 2, 0, 2, 0, -23, -20, -18, 10, 13, 22, 18, 15, 11, -14, -1, 5, 31, 21, 22, 35, 2, 0, 24, 24, 45, 37, 33, 41, 25, 17, 10, 67, 1, 74, 73, 27, 62, -2, -3, -6, 100, -36, 4, 62, -4, -14, -66, -53, -75, -75, -10, -55, -58, -70},
		{-7, 2, -15, -12, -14, -15, -10, -10, 19, 20, 11, 6, 7, 6, 20, 16, 14, 25, 24, 15, 8, 25, 20, 15, 13, 10, 17, 23, 17, 16, 0, 7, 25, 17, 20, 34, 26, 25, 15, 10, -9, 39, -32, 41, 52, -10, 28, -14, -11, 20, 35, -42, -39, 31, 2, -22, -59, -78, -82, -76, -23, -107, -37, -50},
		{-30, -24, -18, 5, -2, -18, -31, -32, -53, -38, -31, -26, -29, -43, -44, -53, -42, -28, -42, -25, -25, -35, -26, -46, -28, -35, -16, -21, -13, -29, -46, -30, 0, 5, 16, 13, 18, -4, -9, -6, 19, 35, 28, 33, 45, 27, 25, 15, 55, 29, 56, 67, 55, 62, 34, 60, 35, 29, 33, 4, 37, 33, 56, 50},
		{-39, -30, -31, -13, -31, -36, -34, -42, -36, -18, 0, -19, -15, -15, -21, -38, -30, -6, -13, -11, -16, -11, -16, -27, -14, -15, -2, -5, -1, -10, -20, -22, 1, -16, 22, 17, 25, 20, -13, -6, -2, 43, 32, 60, 72, 63, 43, 2, 14, 32, 60, -10, 20, 76, 57, 24, 6, 1, -8, -104, 69, 24, 88, 26},
		{17, 30, -3, -14, 6, -1, 40, 18, -4, 3, -14, -50, -57, -18, 13, 4, -47, -42, -43, -79, -64, -32, -29, -32, -55, -43, -52, -28, -51, -47, -8, -50, -55, 50, 11, -4, -19, 13, 0, -49, -62, 12, -57, 44, -67, 28, 37, -31, -32, 10, 55, 56, 56, 55, 10, 3, 4, 54, 47, -99, -99, 60, 83, -62}
	};
	static constexpr int16_t pst_table_black[6][64] = {
		{0, 0, 0, 0, 0, 0, 0, 0, 78, 83, 86, 73, 102, 82, 85, 90, 7, 29, 21, 44, 40, 31, 44, 7, -17, 16, -2, 15, 14, 0, 15, -13, -26, 3, 10, 9, 6, 1, 0, -23, -22, 9, 5, -11, -10, -2, 3, -19, -31, 8, -7, -37, -36, -14, 3, -31, 0, 0, 0, 0, 0, 0, 0, 0, },
		{-66, -53, -75, -75, -10, -55, -58, -70, -3, -6, 100, -36, 4, 62, -4, -14, 10, 67, 1, 74, 73, 27, 62, -2, 24, 24, 45, 37, 33, 41, 25, 17, -1, 5, 31, 21, 22, 35, 2, 0, -18, 10, 13, 22, 18, 15, 11, -14, -23, -15, 2, 0, 2, 0, -23, -20, -74, -23, -26, -24, -19, -35, -22, -69, },
		{-59, -78, -82, -76, -23, -107, -37, -50, -11, 20, 35, -42, -39, 31, 2, -22, -9, 39, -32, 41, 52, -10, 28, -14, 25, 17, 20, 34, 26, 25, 15, 10, 13, 10, 17, 23, 17, 16, 0, 7, 14, 25, 24, 15, 8, 25, 20, 15, 19, 20, 11, 6, 7, 6, 20, 16, -7, 2, -15, -12, -14, -15, -10, -10, },
		{35, 29, 33, 4, 37, 33, 56, 50, 55, 29, 56, 67, 55, 62, 34, 60, 19, 35, 28, 33, 45, 27, 25, 15, 0, 5, 16, 13, 18, -4, -9, -6, -28, -35, -16, -21, -13, -29, -46, -30, -42, -28, -42, -25, -25, -35, -26, -46, -53, -38, -31, -26, -29, -43, -44, -53, -30, -24, -18, 5, -2, -18, -31, -32, },
		{6, 1, -8, -104, 69, 24, 88, 26, 14, 32, 60, -10, 20, 76, 57, 24, -2, 43, 32, 60, 72, 63, 43, 2, 1, -16, 22, 17, 25, 20, -13, -6, -14, -15, -2, -5, -1, -10, -20, -22, -30, -6, -13, -11, -16, -11, -16, -27, -36, -18, 0, -19, -15, -15, -21, -38, -39, -30, -31, -13, -31, -36, -34, -42, },
		{4, 54, 47, -99, -99, 60, 83, -62, -32, 10, 55, 56, 56, 55, 10, 3, -62, 12, -57, 44, -67, 28, 37, -31, -55, 50, 11, -4, -19, 13, 0, -49, -55, -43, -52, -28, -51, -47, -8, -50, -47, -42, -43, -79, -64, -32, -29, -32, -4, 3, -14, -50, -57, -18, 13, 4, 17, 30, -3, -14, 6, -1, 40, 18, }
	};
private:
	//static constexpr int16_t pst_table_black[6][64] = pst_table_for_black();
	static constexpr uint16_t square_mobility_value[2][64] = {
		{100, 100, 100, 100, 100, 100, 100, 100,
		100, 100, 100, 100, 100, 100, 100, 100,
		100, 100, 100, 100, 100, 100, 100, 100,
		100, 100, 150, 250, 250, 150, 100, 100,
		200, 200, 250, 400, 400, 250, 200, 200,
		200, 200, 200, 200, 200, 200, 200, 200,
		200, 200, 200, 200, 200, 200, 200, 200,
		200, 200, 200, 200, 200, 200, 200, 200},
		{200, 200, 200, 200, 200, 200, 200, 200,
		200, 200, 200, 200, 200, 200, 200, 200,
		200, 200, 200, 200, 200, 200, 200, 200,
		200, 200, 200, 200, 200, 200, 200, 200,
		100, 100, 100, 100, 100, 100, 100, 100,
		100, 100, 100, 100, 100, 100, 100, 100,
		100, 100, 100, 100, 100, 100, 100, 100,
		100, 100, 100, 100, 100, 100, 100, 100,}
	};

	Board* board;

	static constexpr int mobility_dividor = 32;
	const int threat_dividor = 30;
	static constexpr int castle_right_bonus = 8;
	static constexpr int moving_side_bonus = 75;
	


	static constexpr int front_offsets[2][3] = { { 8, 16, 24 },  { -8, -16, -24 } };
	static constexpr int diag_offsets[2][3] = { { 7, 15, 23 }, { -9, -17, -25 } };
	static constexpr int anti_diag_offsets[2][3] = { { 9, 17, 25 }, { -7, -15, -23 } };

	uint64_t expand8[256];

	


	void multiply_raw_array(uint8_t t[64], uint64_t m);


	void inline side_to_move_bonus();
	void inline material_balance_without_pawns();
	void inline pieces_positional_score();
	void inline king_safety();
	void inline pawns();
	void inline rooks_on_open_files();
	void inline castle_rights();
	void inline halfmove_clock();
	void inline activity(bool generate_pseudo_legal_moves);
	void inline threats();




public:
	
	//piece = {"P": 100, "N": 280, "B": 320, "R": 479, "Q": 929, "K": 60000}
	//from https://github.com/thomasahle/sunfish/blob/master/sunfish.py
	static constexpr uint16_t piece_values[6] = { 100, 280, 320, 479, 929, 2048 };//value of king used for ordering moves in alpha-beta search only
	

	int score;//white's advantage
	StaticEvaluation(Board* board);
	StaticEvaluation();
	//void reset_score();
	void calculate_score(bool pseudo_legal_moves_generated);
};

